name: classification_yugioh
channels:
  - defaults
dependencies:
  - asgiref=3.10.0=py311haa95532_0
  - blas=1.0=mkl
  - bottleneck=1.4.2=py311h57dcf0c_0
  - bzip2=1.0.8=h2bbff1b_6
  - ca-certificates=2025.9.9=haa95532_0
  - contourpy=1.3.1=py311h214f63a_0
  - cycler=0.11.0=pyhd3eb1b0_0
  - django=5.2.7=py311haa95532_0
  - expat=2.7.1=h8ddb27b_0
  - fonttools=4.60.1=py311h02ab6af_0
  - freetype=2.13.3=h0620614_0
  - intel-openmp=2025.0.0=haa95532_1164
  - jpeg=9f=ha349fce_0
  - kiwisolver=1.4.8=py311h5da7b33_0
  - lcms2=2.16=hb4a4139_0
  - lerc=3.0=hd77b12b_0
  - libdeflate=1.17=h2bbff1b_1
  - libffi=3.4.4=hd77b12b_1
  - libpng=1.6.39=h8cc25b3_0
  - libtiff=4.5.1=hd77b12b_0
  - libwebp-base=1.3.2=h3d04722_1
  - libzlib=1.3.1=h02ab6af_0
  - lz4-c=1.9.4=h2bbff1b_1
  - matplotlib-base=3.10.6=py311h43afe63_0
  - mkl=2025.0.0=h5da7b33_930
  - mkl-service=2.5.2=py311h0b37514_0
  - mkl_fft=1.3.11=py311h5810407_1
  - mkl_random=1.2.8=py311h8683371_1
  - numexpr=2.11.0=py311ha02bb35_1
  - numpy=2.3.3=py311hc2e1e29_1
  - numpy-base=2.3.3=py311hc851d2b_1
  - openjpeg=2.5.2=hae555c5_0
  - openssl=3.0.18=h543e019_0
  - packaging=25.0=py311haa95532_0
  - pandas=2.3.3=py311ha5e6156_0
  - pillow=11.1.0=py311h096bfcc_0
  - pip=25.2=pyhc872135_1
  - pyparsing=3.2.0=py311haa95532_0
  - python=3.11.13=h981015d_0
  - python-dateutil=2.9.0post0=py311haa95532_2
  - python-tzdata=2025.2=pyhd3eb1b0_0
  - pytz=2025.2=py311haa95532_0
  - seaborn=0.13.2=py311haa95532_3
  - setuptools=80.9.0=py311haa95532_0
  - six=1.17.0=py311haa95532_0
  - sqlite=3.50.2=hda9a48d_1
  - sqlparse=0.5.2=py311haa95532_0
  - tbb=2022.0.0=h214f63a_0
  - tbb-devel=2022.0.0=h214f63a_0
  - tk=8.6.15=hf199647_0
  - tzdata=2025b=h04d1e81_0
  - ucrt=10.0.22621.0=haa95532_0
  - vc=14.3=h2df5915_10
  - vc14_runtime=14.44.35208=h4927774_10
  - vs2015_runtime=14.44.35208=ha6b5a95_10
  - wheel=0.45.1=py311haa95532_0
  - xz=5.6.4=h4754444_1
  - zlib=1.3.1=h02ab6af_0
  - zstd=1.5.7=h56299aa_0
prefix: C:\Users\cleme\anaconda3\envs\classification_yugioh
